blue 0.296000 0.264000 7.705000 0.000000 0.000000 1.440000 0.000000 0.000000 0 0
blue 0.740000 0.264000 7.705000 0.000000 0.000000 1.800000 0.000000 0.000000 0 0
blue 0.960000 0.264000 7.705000 0.000000 0.000000 2.060000 0.000000 0.000000 0 0
blue 1.332000 0.264000 7.705000 0.000000 0.000000 2.160000 0.000000 0.000000 0 0
blue 1.752000 0.264000 7.705000 0.000000 0.000000 2.340000 0.000000 0.000000 0 0
blue 2.592000 0.264000 7.705000 0.000000 0.000000 2.480000 0.000000 0.000000 0 0
blue 3.060000 0.264000 7.705000 0.000000 0.000000 2.540000 0.000000 0.000000 0 0
blue 2.000000 0.264000 7.705000 0.000000 0.000000 2.580000 0.000000 0.000000 0 0
red 0.296000 0.264000 7.705000 0.000000 0.000000 1.440000 0.000000 0.000000 1 0
red 0.740000 0.264000 7.705000 0.000000 0.000000 1.660000 0.000000 0.000000 1 0
red 0.960000 0.264000 7.705000 0.000000 0.000000 1.760000 0.000000 0.000000 1 0
red 1.332000 0.264000 7.705000 0.000000 0.000000 1.880000 0.000000 0.000000 1 0
red 1.752000 0.264000 7.705000 0.000000 0.000000 2.000000 0.000000 0.000000 1 0
red 2.000000 0.264000 7.705000 0.000000 0.000000 2.080000 0.000000 0.000000 1 0
red 2.592000 0.264000 7.705000 0.000000 0.000000 2.180000 0.000000 0.000000 1 0
red 3.060000 0.264000 7.705000 0.000000 0.000000 2.240000 0.000000 0.000000 1 0
