blue 1.752004 0.234000 43750.000000 0.000000 0.000000 1.500000 0.000000 0.000000 0 0
blue 1.972004 0.234000 43750.000000 0.000000 0.000000 1.500000 0.000000 0.000000 0 0
blue 2.140004 0.234000 43750.000000 0.000000 0.000000 1.940000 0.000000 0.000000 0 0
blue 2.720004 0.234000 43750.000000 0.000000 0.000000 2.220000 0.000000 0.000000 0 0
blue 2.256004 0.234000 43750.000000 0.000000 0.000000 2.460000 0.000000 0.000000 0 0
blue 3.376004 0.234000 43750.000000 0.000000 0.000000 2.520000 0.000000 0.000000 0 0
blue 4.124004 0.234000 43750.000000 0.000000 0.000000 2.580000 0.000000 0.000000 0 0
blue 5.092004 0.234000 43750.000000 0.000000 0.000000 2.580000 0.000000 0.000000 0 0
blue 5.756004 0.234000 43750.000000 0.000000 0.000000 2.580000 0.000000 0.000000 0 0
red 1.752004 0.234000 43750.000000 0.000000 0.000000 1.500000 0.000000 0.000000 1 0
red 1.972004 0.234000 43750.000000 0.000000 0.000000 1.500000 0.000000 0.000000 1 0
red 2.140004 0.234000 43750.000000 0.000000 0.000000 1.540000 0.000000 0.000000 1 0
red 2.256004 0.234000 43750.000000 0.000000 0.000000 1.600000 0.000000 0.000000 1 0
red 2.720004 0.234000 43750.000000 0.000000 0.000000 1.720000 0.000000 0.000000 1 0
red 3.376004 0.234000 43750.000000 0.000000 0.000000 1.900000 0.000000 0.000000 1 0
red 4.124004 0.234000 43750.000000 0.000000 0.000000 2.080000 0.000000 0.000000 1 0
red 5.092004 0.234000 43750.000000 0.000000 0.000000 2.220000 0.000000 0.000000 1 0
red 5.756004 0.234000 43750.000000 0.000000 0.000000 2.280000 0.000000 0.000000 1 0
